   2.0000000e+00   1.8630105e+00  -3.3372265e-01  -2.5277112e-01  -1.3000650e+00  -5.3262690e-02   1.2594393e+00   1.0758846e+00  -1.1969009e+00   6.2783330e-01  -2.2474660e-01
   1.0000000e+00  -9.5648064e-01   9.5130479e-01   4.7398091e-01  -6.4771681e-01  -3.9766477e-01   8.4993139e-03  -2.4521395e-01   2.2460664e-01   1.8228627e+00  -6.8438978e-01
   1.0000000e+00   1.7144104e+00   1.2270993e+00   1.6520382e-01   1.7504265e-02  -6.6869676e-01  -2.4150615e-01   2.7513712e-01   3.1558490e-01   3.0626996e-02   1.1678052e-01
   2.0000000e+00   7.3756196e-01  -6.2922549e-01  -5.7160998e-01  -1.9730185e+00  -1.6239320e+00   2.9877529e-01  -8.3594627e-02  -1.1825917e+00  -1.0817167e+00  -1.1278785e-01
   2.0000000e+00   3.8105235e-01  -8.2205289e-01  -1.2876985e+00   2.4386262e-01   8.2751895e-01  -2.8699230e-01  -1.4387829e+00  -5.0908675e-02   4.5448554e-01   9.4264569e-01
   2.0000000e+00   1.4406868e+00  -5.9605540e-01   5.5639753e-01  -3.9393578e-01  -1.6533135e+00   7.1308715e-01   1.3598010e+00  -5.4915490e-01   1.2111675e+00  -1.3925258e+00
   2.0000000e+00   4.3680736e-01  -6.9989227e-01   3.3892391e-01  -5.0804460e-01   6.1296110e-02  -1.2867324e+00  -7.8872477e-01  -2.4295068e+00  -1.1409624e+00  -2.0791176e+00
   2.0000000e+00   1.3598829e+00  -6.2417868e-01  -1.2725427e+00  -2.2521075e-01   3.1679882e-01   1.2042899e-01   2.2996823e+00   7.7843872e-01  -8.1264496e-01  -3.7884872e-01
   2.0000000e+00   9.2517125e-01   3.6647553e-01   1.8986661e+00  -1.2112647e+00   2.1771988e+00   4.5692127e-01   1.1027196e+00  -1.7560383e+00  -4.4205206e-01  -2.3312083e+00
   2.0000000e+00   7.5950463e-01   4.6486666e-03  -3.5314972e-01  -1.1013957e+00   1.0357192e-02  -1.6145490e-01   1.4951512e+00  -1.0736208e+00   2.3085249e+00   4.4941240e-01
   2.0000000e+00  -9.4369815e-03   7.9422854e-01  -1.7058514e+00  -3.3944493e-01   9.2764333e-01   3.5107945e-01   1.4450417e+00   2.0707441e+00   8.0381559e-01   7.6114958e-01
   2.0000000e+00  -5.6431894e-01  -1.3903864e-01   1.5060130e+00   2.8679038e-01  -9.7160760e-01  -6.5017764e-02   1.3439062e+00  -1.6500514e-01  -1.6658799e+00  -1.8300359e+00
   2.0000000e+00   2.9315166e+00  -2.1471895e-01  -4.2924281e-01   1.4801796e-01  -7.6589449e-01   2.5384892e-01   2.6860814e-01  -1.1123037e+00  -1.1152889e+00  -1.7207806e-01
   2.0000000e+00  -8.4365754e-01   1.4563012e+00   1.2395797e-01  -8.8325749e-01  -8.4575944e-01   9.0053059e-01  -1.2693988e-01  -6.3868915e-02  -1.1203070e+00   1.4917946e+00
   2.0000000e+00   1.4188988e+00  -1.6181208e+00  -8.1601026e-01  -3.9046908e-01  -1.3606819e-01   6.7621557e-02  -9.5237223e-01  -2.5415164e-01   1.8099205e+00  -7.6017061e-01
   2.0000000e+00   9.5882331e-01  -5.9887572e-01  -1.2813349e+00   1.5315097e-01   7.0949823e-01  -2.6810459e-01  -4.6404976e-01   8.7010859e-01   4.4149869e-01   7.3813186e-02
   2.0000000e+00  -1.8836351e+00  -7.1575992e-01  -1.7052584e+00  -1.0364012e+00  -6.0087213e-01  -4.9700153e-01   1.0010108e+00  -3.7836529e-01   2.1667016e+00   5.8828110e-01
   2.0000000e+00  -1.7057273e+00   3.4877765e+00  -3.4745949e-01   1.6993053e+00  -2.2198327e-01   3.0037125e-01  -1.0717702e+00   1.0370812e+00  -6.1853026e-02   2.3859285e-01
   2.0000000e+00  -2.7339214e-01   5.1426841e-01  -2.1349051e+00   1.8417662e+00  -1.0387215e+00  -1.3117857e-01   1.0047200e-01  -7.8367131e-01  -9.6791416e-01  -1.0128103e+00
   2.0000000e+00   1.1519987e+00   9.0698344e-01   4.6001742e-01   4.8750816e-01   7.1338382e-01  -1.0028713e+00   1.5112578e+00  -3.5714346e-01   8.4394894e-01   1.2072116e+00
   2.0000000e+00   1.6832526e+00  -1.1104402e+00   8.5963440e-02  -5.3505084e-01   1.1319936e-01  -7.5185203e-01  -8.2623518e-01   7.0516300e-02   4.2025020e-01   2.0824282e+00
   2.0000000e+00   3.0122666e-01   1.0081698e+00   9.7779903e-01   5.4322462e-02  -1.9594463e+00  -2.5911263e-01  -8.4362318e-02   3.4125913e-01   2.4361316e-01  -1.9136936e+00
   2.0000000e+00  -3.5589449e-01  -6.6310965e-01  -5.9331876e-01   1.1338216e+00  -9.2063010e-01  -2.2237101e+00   1.3827588e+00   1.1269963e+00  -6.2007983e-01  -1.5878599e+00
   2.0000000e+00   6.9584918e-01   4.3949248e-01   2.7426691e+00   2.7159087e-01  -1.6331479e-01  -2.7723830e-01   3.8928798e-03  -5.8352755e-01  -5.8045770e-01   7.7664879e-01
   2.0000000e+00   1.2470415e+00   3.1089668e-01   9.4269930e-02   1.5562531e+00   8.9494755e-01  -1.4170951e-01  -1.3054077e+00  -7.3360673e-01  -5.6873025e-01   1.0053401e+00
   2.0000000e+00  -1.2527559e+00   6.1514584e-01   7.8242312e-01   1.3132391e+00  -1.8055105e+00  -1.7826462e+00  -7.8238167e-01  -1.1770329e-01   6.7178637e-01   1.0417583e+00
   2.0000000e+00  -1.6348553e+00  -2.0813667e+00  -8.2544603e-01  -6.0824052e-01   3.0906115e-01  -2.8176609e-02   3.0681941e-01   5.6982794e-01  -1.8314982e+00  -1.3323248e+00
   2.0000000e+00  -8.1299354e-01   3.1388777e-01  -1.4684486e+00  -1.1159156e-01  -1.9914962e+00  -1.6534998e+00  -2.5082261e+00   1.3662716e+00   2.1795626e-01   1.3568061e-01
   2.0000000e+00  -1.3053940e+00   1.2694916e+00  -7.6644124e-02  -2.2373930e+00   2.5309610e-01   2.1336728e-02  -5.3253595e-01  -2.3324865e-02   9.4193005e-02  -3.3664903e-01
   2.0000000e+00  -1.4697813e-01   2.7885107e+00  -1.3925482e+00  -6.1171669e-01   1.7968388e-01  -8.9345809e-02   4.4864271e-01  -2.9857971e-01   4.9597353e-01  -5.5544514e-01
   2.0000000e+00   6.6993883e-01   6.1793337e-01  -1.2114030e+00   1.6303137e+00   9.8694357e-02  -1.5906861e+00   7.1021619e-02   3.1890806e-01   5.6881508e-01   4.9367225e-01
   2.0000000e+00  -3.2668073e-01  -1.3355296e+00  -1.1980710e+00  -1.4752287e-01  -1.8000028e+00  -9.5072906e-01  -1.6609742e+00  -5.7879173e-01  -1.1287633e+00   1.0652972e+00
   2.0000000e+00   9.9327007e-01   3.9956159e-01   9.8641953e-01   5.7613746e-01   9.7175440e-02   2.5083569e+00  -4.4095779e-01   5.3036222e-01   2.7556461e-02   2.0405663e-01
   1.0000000e+00   9.6776361e-01   5.4736466e-02   4.5335000e-01   2.0915516e+00  -2.2096091e-01  -8.7581138e-01   3.8480268e-01  -9.0430515e-01   7.3090295e-01  -5.2788216e-01
   1.0000000e+00   1.7459537e+00  -4.6466165e-01   2.2883795e-01   2.9419230e-01   7.3107727e-01  -3.6249780e-01  -9.6638423e-01  -4.0030931e-01   9.6596683e-01   2.2323731e-01
   1.0000000e+00   4.8203958e-01   3.1991877e-01   6.7002249e-01   5.8887534e-01  -1.5498928e+00   2.1788644e-01  -5.9710259e-01  -6.4311967e-01  -1.2751500e+00  -5.8677065e-01
   2.0000000e+00   9.0644341e-01  -2.1194830e+00   2.3453065e-01   7.8675026e-01   9.6233761e-01   9.7579817e-01  -4.4927489e-01  -2.2761722e+00   6.6798274e-02  -1.2879293e+00
   2.0000000e+00   1.3505551e+00  -5.9567441e-01   5.5292048e-01   1.1644666e-01   3.3453380e-01   2.8230600e-01  -1.7458972e-01   2.1595450e+00   2.3011521e-01  -2.7977431e+00
   2.0000000e+00  -1.2730129e+00   2.0881547e-01   8.8529899e-01   4.1802606e-01  -1.9264117e+00   3.1261520e-01  -6.0626637e-02  -3.3313813e-01   4.8338082e-01   1.7488513e+00
   2.0000000e+00  -1.5934817e+00  -8.2092292e-01  -1.1312938e-02  -4.2464463e-01   1.1849161e-01  -1.7078438e+00  -4.2294493e-01  -3.2575011e-01  -3.1932057e-01  -1.9398325e+00
   2.0000000e+00   4.2810121e-01  -2.3042282e+00  -1.2076997e+00  -9.0448886e-01  -5.7401581e-01  -2.8944805e-02  -7.8289038e-01  -3.4664444e-01   2.6728905e-01   1.7026301e-02
   2.0000000e+00   5.2286632e-01   1.6265438e+00  -1.3687469e+00  -1.1037541e+00   6.3914798e-01   1.3319946e+00   1.3199730e+00   9.1148506e-01  -2.1217187e-01  -8.5168951e-01
   1.0000000e+00  -1.9430233e+00  -1.0578640e-01   2.6066472e-01   8.7451375e-01   5.5044088e-01   1.6591124e+00   3.0351592e+00  -1.2034973e+00  -8.8720864e-01  -4.0229119e-01
   2.0000000e+00  -1.6600138e+00   9.1714876e-02   6.9121370e-02   8.9608888e-01  -1.6630223e+00   2.1902520e+00  -3.1171187e-01  -5.3593910e-01   2.0983860e-01  -1.5053257e+00
   2.0000000e+00  -8.3421466e-01  -1.0356108e+00  -2.0086324e-01   3.2041818e-01   9.7971277e-01   1.6664557e+00  -4.7288627e-01   9.1170934e-01   7.3381778e-01  -1.4395113e+00
   2.0000000e+00  -3.2020262e-01  -1.8880782e+00  -4.0360050e-01  -1.0733522e-01  -1.5168213e+00   1.9187476e+00   1.5623890e+00   2.0591678e+00   9.1630039e-01   8.4708215e-01
   2.0000000e+00  -5.6065865e-01   7.6758898e-01   2.7218500e+00  -1.7034755e+00  -7.7897455e-01   5.0508687e-02  -8.7313988e-01  -2.9767710e-01   2.2742558e-01  -1.4544367e-01
   2.0000000e+00   6.4558188e-02   2.8750038e+00   3.4241246e-01   1.7652010e-01  -6.1476089e-01   6.5398750e-02  -6.1606466e-01  -9.8682812e-01  -1.1643160e+00   4.7320259e-01
   2.0000000e+00   3.3880268e-01   1.5807484e+00   1.1715806e+00   1.2647700e-01  -7.0992203e-01   3.5886581e-01   1.7291154e+00   9.1395277e-01  -1.8512890e+00   1.4876910e+00
   2.0000000e+00   1.8664482e+00  -9.6726556e-01   8.0885820e-01  -2.2098111e-01  -5.2448448e-01   3.5515175e-01   1.5448976e+00  -1.3860226e+00  -1.1261013e+00  -1.7534995e+00
   2.0000000e+00   1.6819763e+00   1.7949275e-01  -9.4756172e-01   4.2210161e-01   1.7929688e-01  -1.0451764e+00  -1.7441661e+00   8.2431324e-01   1.1065417e-01  -8.0281344e-01
   2.0000000e+00   1.5928496e-01   2.2626722e-01  -1.7363997e+00   3.1438361e-01  -1.5725699e-01   1.1168630e+00  -2.9270995e-02  -2.6152739e-01  -7.7556656e-02   5.1918370e-01
   2.0000000e+00  -1.8361543e+00  -9.2371198e-01  -4.8966032e-01   3.9161325e-01  -2.2305311e-01  -1.4166178e+00   3.0706531e-01   4.1309558e-01  -3.7164153e-01  -6.5049857e-01
   2.0000000e+00  -4.8589829e-02   1.4730059e+00   2.2729113e+00   7.5048043e-02   7.0508593e-01   5.7046557e-01   1.9063408e-02   2.5660762e+00  -2.0517465e+00   5.1114222e-01
   2.0000000e+00   2.0265180e+00   1.3947679e+00   1.0849443e+00   2.0541398e-01   2.0160801e+00  -2.2131080e-01   1.0634520e+00   1.6432732e+00  -1.1471557e+00  -4.7330884e-01
   2.0000000e+00  -1.2796977e-01  -3.5196285e-01   6.5275128e-01  -6.0279755e-01  -1.3973215e+00   8.5042831e-01  -3.3679345e+00   4.9177341e-02  -7.5665135e-02   2.1248786e+00
   2.0000000e+00   5.0292768e-01   6.7822565e-01  -9.6647998e-01   4.8638828e-01   7.6079165e-01   8.2731944e-01   1.4497436e+00  -5.0353181e-01   7.2107893e-01   9.0774338e-01
   2.0000000e+00  -5.0832098e-01   7.5062586e-01   1.7435654e+00   3.7702442e-01   8.6467544e-01   1.1730158e-02  -1.8172126e+00   1.0660892e+00  -1.2698310e+00  -1.0265811e+00
   1.0000000e+00   7.7764589e-01   5.1908992e-01   3.4973458e-01   1.5968091e+00  -3.6814301e-01   1.1444210e+00  -2.5506713e-01   7.3343638e-01   3.1388869e-01  -5.7939740e-02
   2.0000000e+00   9.7262919e-01  -2.0515936e+00   1.1024275e-02  -9.4043245e-02   8.4740198e-01   2.1549813e-01   6.1539688e-01   5.0965377e-01   1.2160134e+00  -7.1705861e-01
   2.0000000e+00   4.7915367e-01  -9.3639911e-01   2.1144524e+00  -2.3321289e+00   1.2347030e+00  -1.3610593e-01   7.5273889e-01   4.5979277e-01   3.0000247e-01   2.6164087e-01
   2.0000000e+00   9.7008552e-01  -2.2276364e+00   8.7184794e-01   2.3775276e-02  -6.9884487e-02   1.1167300e+00   6.8699480e-01   3.9502500e-01  -1.9928211e-01  -1.9557423e+00
   1.0000000e+00   6.9722657e-01  -1.9005517e+00   2.1978514e-02  -4.6061753e-01   6.1207399e-01   1.0302708e+00   2.0700539e+00   9.1283588e-01   2.5936999e+00   3.6762949e-01
   2.0000000e+00  -2.3201961e-01   2.3914512e-01   2.5052753e+00  -5.1102634e-01  -1.3968087e+00   1.8202020e+00  -8.0261741e-01   1.7619835e-01  -2.5558233e-01   3.4293321e-01
   2.0000000e+00  -3.4816941e-02  -1.0787689e+00  -2.4697006e-01  -2.3037418e-02   7.8142489e-01   4.6291650e-01  -1.0908266e+00  -4.9693948e-01  -8.1864107e-01   2.0887193e-01
   2.0000000e+00  -2.3346326e-01   4.2225049e-01   7.9161652e-01   2.8142809e-01   3.2777655e-01   1.9526491e-01   1.4828183e+00   6.6236031e-01   3.0090886e-01  -7.8393804e-01
   2.0000000e+00  -6.0795804e-01   1.1711314e+00  -2.2315258e+00  -3.7721039e-01   1.6454924e-01   5.1069923e-03   4.8396849e-01  -2.1144532e+00   1.4733108e+00   7.0574097e-01
   1.0000000e+00   5.9978802e-01   3.1326077e-01   6.8834862e-01   6.0797958e-01  -1.2363956e+00  -4.1164916e-01  -1.8963352e-01   9.1761910e-01  -6.1096511e-01   1.4458385e-01
   2.0000000e+00   5.5971406e-01  -1.4778658e+00   4.8045797e-01   9.8488383e-01  -1.7383475e-01   1.3895148e+00   1.2868746e-01   4.3050775e-01  -4.3122451e-01  -9.1766169e-01
   2.0000000e+00  -1.0745134e+00   2.6183439e-01   6.0696855e-01  -6.5348789e-01  -5.1592325e-01  -8.8172837e-01   2.9223648e-01  -9.3643777e-01   2.2665321e-01  -9.8128596e-01
   2.0000000e+00  -1.0103935e+00   2.5547735e+00  -1.0589518e+00   8.8275244e-01   1.1722799e+00  -5.4218763e-01   1.8697211e+00   2.4007238e-01  -7.3376312e-01  -3.4745512e-01
   1.0000000e+00  -4.4854046e-01   1.2471127e+00   8.2827698e-01   3.7895288e-01   3.3999005e-01  -7.9093877e-01  -7.9988765e-02  -4.8829827e-01   1.2990394e+00   3.3709861e-01
   1.0000000e+00  -1.6039529e+00  -1.1796496e-01   3.8607218e-01  -5.4617424e-01   6.0780788e-01  -2.1227127e-01  -6.8571834e-01   5.1887127e-01   3.2658794e-01  -4.3910922e-01
   2.0000000e+00   6.7628669e-01   2.4039844e-02  -9.9638632e-01  -1.2720590e+00  -8.2581337e-01  -1.6793114e+00   2.3649525e-01  -1.5256847e-01  -9.6815186e-01   1.9104928e+00
   2.0000000e+00  -2.6023693e-01  -6.5666607e-02  -3.6438050e-01  -7.7841247e-01  -1.0345443e+00   9.0924925e-01   8.0814748e-01   7.9861302e-01  -5.4279369e-01   5.5569229e-01
   1.0000000e+00  -5.9998808e-01  -1.1985818e+00   8.2901185e-01   1.0703475e+00   1.3864047e+00   7.8711606e-01   1.7809167e+00  -1.4166864e+00  -1.9421106e+00  -3.1727034e-01
   2.0000000e+00   4.0729872e-01   3.7844469e-01   1.5614549e+00   2.1687845e-01  -2.2196293e+00   2.1954293e+00  -1.2709776e-01  -3.1331740e-01  -1.3062118e+00   1.8821745e-01
   2.0000000e+00  -1.1818815e+00   1.3356413e+00  -1.3767709e+00   2.7828979e-01   5.9012379e-01  -1.8493449e+00   5.9683563e-01   1.0416915e+00  -1.5260227e-02   3.2843554e-01
   2.0000000e+00   1.8037300e-01  -2.2800306e+00  -1.6718854e+00  -3.8293403e-01   1.3191754e-01   6.7700668e-01  -9.7506429e-01  -1.0817680e+00   1.0900238e-01  -2.4582753e-01
   2.0000000e+00  -1.1641048e+00  -1.8611705e-01  -1.0754016e+00  -1.2781804e+00  -3.4420024e-01   5.2345007e-01  -3.3195636e-01   1.6541525e+00  -3.9832345e-01   2.9152517e-01
   2.0000000e+00  -2.3390583e-01  -9.4935838e-01   2.2476487e+00  -4.4911685e-01  -1.0675250e+00  -3.4102603e-01  -2.8415970e+00   5.9866519e-01  -8.3201302e-01  -4.5787228e-01
   2.0000000e+00   1.7269064e+00  -6.5303871e-01  -2.5074791e-01   1.4857428e+00  -1.2055518e-01  -1.8825780e+00  -3.2111042e-01   9.0690297e-01   1.6084551e+00  -1.3458676e+00
   2.0000000e+00   1.3712485e-01   6.5493870e-01  -1.1331548e+00  -1.0559954e+00  -4.3174574e-01  -6.7598723e-02  -3.1061075e-01   5.0074267e-01  -1.8066858e+00   2.6700612e-01
   2.0000000e+00  -1.5465419e-01  -1.0771102e+00   4.9648499e-01  -1.0598665e+00   8.8332153e-01   2.6534038e-01  -4.2600644e-01  -7.7742041e-01   1.0083349e+00   1.8603271e+00
   2.0000000e+00  -9.8545701e-02   3.0396501e-01   2.1351283e+00  -8.4551524e-01  -1.5566414e+00  -1.4157942e+00   8.6224431e-02   8.3892960e-01  -4.9727625e-01   3.0646695e-01
   2.0000000e+00   1.1621823e+00  -1.3231098e-01  -5.4630528e-01   6.1793741e-01  -7.0380055e-01  -2.9095024e-01  -3.3681945e-01  -8.1267329e-01  -6.4486148e-01   3.1372561e-01
   2.0000000e+00  -1.0000628e+00  -7.5745590e-01   2.9658079e-01  -1.8516469e+00   4.0406932e-01  -1.0639276e+00  -3.5552659e-01  -1.7131772e+00   8.4371497e-01  -1.2923561e+00
   1.0000000e+00  -1.2136693e+00  -6.9210827e-02   3.2791780e-01  -6.3067824e-01  -7.2019396e-01   3.3108645e-02   9.4673950e-01  -1.5278195e+00   4.4360075e-01   6.1607036e-01
   2.0000000e+00   7.4376167e-01  -5.1132833e-01  -4.4831377e-01   5.5375931e-02  -7.9517387e-01  -2.9659438e-01   2.8842960e-01   5.1476527e-01  -4.3492989e-01   1.0971394e+00
   2.0000000e+00  -1.0139590e+00  -1.7466976e-01  -1.4832142e+00   5.6568963e-01  -1.9687166e+00  -2.3925304e-01  -3.1029657e-01  -3.7541615e-02   4.7982919e-01   2.6525109e-01
   2.0000000e+00  -4.4734440e-01   2.2593440e-01  -2.5788417e-02   1.5504045e+00   5.0158644e-01  -2.3430001e+00  -2.3325449e+00   1.0345259e+00   5.0170366e-01  -1.0176963e+00
   2.0000000e+00   7.6055165e-01   7.5533571e-02  -5.5311171e-01  -9.0481646e-01   3.2371234e+00   7.8791890e-01  -9.8842086e-01  -1.0636454e+00   2.2158157e+00  -1.4219903e+00
   2.0000000e+00  -6.4844158e-01  -7.1093841e-01  -3.3498475e-01   2.1796950e+00  -1.1767241e+00   3.2062653e-01   8.4920612e-01   1.0289498e+00   9.7321480e-01  -1.2689518e+00
   2.0000000e+00   4.7860536e-02   6.0837032e-01  -3.0092136e-01  -4.0358940e-01   9.1351520e-01  -3.5091148e-01   6.7912590e-01   1.6540792e+00   6.9289758e-01   1.9878867e-01
   1.0000000e+00   7.9822713e-01   6.9814528e-01   1.8851172e-01   6.4897944e-01   2.7681303e-01  -1.2309083e+00   9.7807749e-02  -1.1428911e-02   9.5939121e-01   1.0899982e-01
   2.0000000e+00  -6.0194396e-02   8.8045044e-01  -1.8483990e+00  -4.2568477e-01  -1.1119663e+00   2.3288776e+00   6.0794539e-01   2.3381609e-01  -3.8708097e-02  -9.7217828e-02
   2.0000000e+00   6.4018066e-01   1.2018736e-01   3.3364443e-02   2.3220220e-02   2.0574734e+00  -2.7665248e-01   2.8387902e-01  -2.0228106e+00  -6.8183715e-01   1.2062054e+00
   2.0000000e+00  -1.8259477e+00  -4.9109516e-01  -7.1038252e-01   1.2031215e+00   3.4189556e-01   3.1168018e-01   2.4816350e-02   4.4958077e-01  -2.6986430e-01   7.8751457e-01
   2.0000000e+00  -3.5807690e-01   7.3737753e-01   1.3922206e-01   1.1121902e+00  -5.2398049e-01  -8.9522713e-01   1.9686208e+00  -9.9692974e-01   1.8017778e+00   1.4174308e+00
   2.0000000e+00  -1.8554291e+00   1.9340207e+00  -2.5129284e-01  -2.9798144e+00  -1.7584459e+00  -1.8692031e+00   2.9171541e-01   6.3464627e-01   8.7653880e-01  -3.3902744e-01
   2.0000000e+00  -7.3209695e-01   2.4546436e-01   6.2643631e-01  -8.9245243e-01   8.6640300e-01  -9.1661571e-01  -1.7124082e+00   1.8500854e+00   1.0307477e+00   2.0739415e+00
   2.0000000e+00  -4.3081046e-01   1.5447100e+00  -4.3488945e-01  -7.2910484e-01   1.4439196e-01   7.2893815e-01   1.3341391e+00  -1.9108175e+00  -8.8310545e-01   5.8416425e-01
   2.0000000e+00   2.0085310e+00  -4.9341716e-01   1.2512676e+00  -2.7554889e-01   2.0019224e+00   3.5898221e-01  -1.0096283e+00   3.5681302e-01  -2.3228413e-02  -4.0529983e-01
   2.0000000e+00  -1.5536830e-01   9.2515748e-01   1.1357205e+00  -5.8380383e-01   3.6003166e-01  -3.8654860e-01  -8.6027569e-01  -1.3800523e+00  -3.5671557e-01  -1.7674281e+00
   2.0000000e+00  -5.6807776e-01   3.5982405e-01   3.5588512e-01   7.9279415e-01  -4.7373550e-01   3.1866093e-01   7.4105583e-01  -1.8595707e+00   1.0903409e+00   2.2728453e+00
   2.0000000e+00   5.2719724e-01   2.0324532e+00   7.8498249e-02  -7.8629849e-01   3.7570853e-01  -5.0950999e-01  -1.5548554e+00   1.8334994e-01   1.6396349e+00  -1.8255405e+00
   2.0000000e+00   1.3651709e+00  -7.7208350e-01  -1.7043184e-01   8.0501048e-01   2.2239901e-02  -1.1899728e+00   1.7979363e+00   1.0077457e-02   8.1336541e-01   9.2561531e-01
   2.0000000e+00   1.4232463e+00   6.1622914e-01  -4.7818041e-01  -1.3516763e+00  -4.8415344e-01  -4.8585044e-01  -1.4532754e+00   2.6495839e-01  -5.0736741e-01   6.6939022e-02
   2.0000000e+00  -1.0361549e+00  -2.4748237e-01   9.6356496e-01   4.1069712e-02  -2.0119369e+00  -3.7519978e-01  -8.8401483e-01   1.0455358e+00   4.2386559e-01  -8.2743899e-01
   2.0000000e+00  -1.9242678e-01   1.2680271e+00  -2.5886731e-01   1.9272510e+00   4.5792768e-01  -5.3320957e-01   4.3620277e-01  -8.2778924e-01  -7.6391604e-01   9.6398892e-01
   2.0000000e+00  -2.8536016e-01  -8.3360636e-01  -4.3903336e-01   1.5751120e-01  -9.4099246e-01  -8.2754050e-01   7.9201812e-01  -1.4709286e+00   1.9392255e+00  -1.8617005e+00
   2.0000000e+00   4.4657168e-01  -1.3647199e+00   1.8276753e+00   1.6748350e+00  -5.2303246e-01   2.2225023e+00   7.9230495e-01   1.6391949e+00  -1.4348270e+00  -1.0664503e+00
   2.0000000e+00   1.9352627e+00   2.0968356e+00   2.1362938e-01  -1.6671612e-02  -4.4339096e-01   7.4749866e-02  -1.0689675e+00  -8.5982496e-02   4.2184078e-01  -1.6237101e+00
   2.0000000e+00  -2.3283690e+00   1.0054189e+00  -4.0612045e-01   1.9126594e-01   2.3379940e-01  -1.0948847e+00  -4.6492793e-02   1.3779557e+00   9.0632881e-01   7.4728451e-01
   2.0000000e+00  -1.6822103e+00  -1.1406978e+00   1.4630727e+00  -1.1738202e+00  -7.4928825e-01   9.3259406e-01   3.2760729e-01   7.5649065e-01   1.4780849e+00   1.2436556e+00
   1.0000000e+00  -1.2646271e-01  -1.3982458e+00   5.0466034e-01   3.6743925e-01  -1.1908983e+00  -5.3288266e-01   2.0174174e+00   5.2025452e-01   1.0184829e+00  -2.2122763e-02
   2.0000000e+00  -1.5068070e+00   2.5061127e-01  -7.1522779e-01   1.2267184e+00  -8.2328460e-02  -5.8780029e-01   7.8335181e-01  -3.9657495e-01   2.1576047e+00  -1.2737108e+00
   2.0000000e+00   2.1785810e-01  -1.6530114e-01  -4.1658021e-01   9.0526942e-01  -4.1746592e-01  -7.2089792e-01  -5.4781839e-02  -4.4699107e-02  -1.8967216e+00   1.5370963e-01
   2.0000000e+00   7.7365677e-01   3.5780174e-02  -3.8459626e-01   1.0873798e+00  -1.9571111e-01   1.6491119e-01   1.3019719e+00   8.3691667e-02  -2.8320948e-01  -1.0316729e+00
   2.0000000e+00  -8.7445516e-01  -1.4315257e-01  -1.5860561e+00   5.8479499e-01  -3.0069302e-01   4.9528396e-01  -2.4064855e-01  -1.0503896e+00  -3.5601652e-01   2.1012031e+00
   1.0000000e+00   5.1884804e-02   7.9805720e-01   7.0246334e-01  -9.9153097e-01   1.0887979e-01  -1.5744618e+00  -1.8759958e-01   4.3794917e-01   3.4750101e-01  -4.5171567e-01
   2.0000000e+00   2.2167568e+00  -1.1851629e+00  -5.6446486e-01   4.0041896e-01  -1.2975019e-01  -2.9149846e-01  -5.0612212e-01  -5.7482462e-01  -7.4059339e-01  -1.4595918e+00
   2.0000000e+00  -1.5124990e-01  -3.0224922e+00   1.4414030e+00   1.5619099e+00   1.6843072e-01   7.3046258e-01   2.8585630e-01  -7.6748806e-01   1.7428213e+00  -5.9781903e-01
   2.0000000e+00   4.4633455e-02   5.2325297e-01   5.1908174e-01   6.0104453e-01   2.2432816e-01   1.5373937e+00  -6.4002130e-02  -2.6516444e-01   3.0724057e-01  -1.3861513e+00
   2.0000000e+00   7.1281344e-01   4.1283113e-01  -3.7879996e-01   3.8601547e-01  -7.4828965e-01   1.9954956e+00   4.9012521e-01  -5.1130638e-01  -1.0795273e+00   1.4113609e+00
   2.0000000e+00  -1.2656441e+00   4.6382079e-01  -1.2000235e+00  -6.5140315e-01  -1.3537257e+00  -2.7545343e+00  -3.4148094e-01   3.2271476e-01  -6.5310261e-01  -9.5557224e-01
   2.0000000e+00  -1.7014845e+00  -6.4329874e-01  -8.7043248e-01   1.1570547e-01   3.2366177e-01   1.9414927e-01   1.1504445e+00  -8.1168948e-01   1.0541793e+00   2.8372813e-01
   2.0000000e+00  -4.1032085e-01   7.5202678e-01  -2.6113140e-01  -4.2275019e-01  -1.0431616e+00  -1.4510044e+00   5.3593651e-01   3.1510654e-01   8.5863513e-01   1.3813952e-01
   2.0000000e+00   1.9757651e+00   2.3495370e-01   1.9776141e+00  -1.5811651e+00  -1.8213099e+00   2.7860711e-01   1.9217164e+00   6.3246570e-01   1.2418029e-01  -2.0869810e-01
   2.0000000e+00   1.8630291e-02  -1.6111505e+00  -1.3071561e-01  -6.7779329e-01  -3.8342288e-01   1.9341647e+00  -1.3693274e+00  -2.0195381e+00   2.9382104e-01   1.3435017e+00
   2.0000000e+00  -6.1463501e-01   2.2895079e-01  -3.9551973e-01  -3.3179901e-01   5.6501154e-01  -2.0021744e+00   2.6620705e-01  -9.2670691e-01  -8.8544068e-01   3.0133725e-01
   2.0000000e+00  -6.8951426e-01   7.9772253e-01  -1.6634376e+00   4.7402706e-01   4.1476654e-01  -6.7849667e-01   1.6621388e+00  -6.3295189e-03  -1.6962458e+00  -8.8343731e-01
   2.0000000e+00   2.5656450e-01  -3.3412340e-02  -2.8152755e-01  -1.9275635e+00  -6.9783344e-01   1.0225302e+00   1.1120773e+00  -4.9640625e-01   2.6065267e+00   5.4908640e-01
   2.0000000e+00  -2.1429074e+00   1.6596494e+00   2.0940817e+00   1.1799616e+00   1.0717965e+00  -7.4959771e-01   1.2011539e+00  -2.7940313e-01   7.0114555e-01  -5.4145726e-01
   2.0000000e+00   2.5109233e+00  -1.4485335e+00  -1.9061393e+00  -4.4325065e-01   1.2021905e+00   7.1101610e-01  -2.8335474e-02   4.1351742e-01   9.6384177e-01  -1.7493326e-01
   1.0000000e+00   4.7169279e-01   1.7501391e-01   3.7607469e-01  -3.0916632e+00  -1.2269171e-01   1.3734345e+00   7.6650396e-01   1.3174378e+00  -1.5678977e+00   8.7665414e-01
   2.0000000e+00  -6.0436036e-01   3.3273811e-01  -2.2126845e-01  -1.6801011e+00  -1.5978821e-01  -6.5661303e-01   1.1394522e+00  -1.2094269e+00  -1.9545014e+00  -2.7741139e-01
   2.0000000e+00  -1.3527872e+00  -3.1511477e-01  -3.4634115e-01   2.0457839e+00  -4.9989176e-01   1.3190247e-01   1.5572370e+00   5.4182804e-01   6.8002232e-01   5.0028597e-01
   2.0000000e+00   9.5013713e-01  -3.8873786e-01   7.6174201e-01  -1.8690877e+00   5.6126606e-01  -6.0648036e-01  -1.7638911e-02   1.5035465e+00   2.5342488e+00  -1.2574433e+00
   2.0000000e+00  -8.1770181e-02  -7.0782346e-01  -6.2481801e-01   9.6622776e-02  -1.1445339e+00  -1.7777854e+00  -1.1991848e-01   3.9475464e-02   1.2603692e+00   1.4119549e+00
   2.0000000e+00   8.1067453e-01  -5.2561956e-02  -1.6774385e+00   5.7094609e-03   7.9825909e-01  -4.5425492e-01   5.3114398e-01  -1.2219572e+00  -2.6207398e+00  -1.2892722e+00
   1.0000000e+00  -3.0056818e-01  -1.0450637e+00   8.2073017e-02   2.0750121e-01  -1.3016819e+00  -4.6405779e-01   1.0451181e-02   6.8535140e-02  -8.3615215e-01   3.8041767e-01
   2.0000000e+00   8.1778269e-01   8.0675513e-01   9.4193665e-01  -8.6505386e-01  -8.6464679e-02   1.1717270e+00   8.3118885e-01   9.4452114e-01   1.1291063e+00  -8.5208944e-01
   2.0000000e+00   3.3291518e-01   7.6138381e-02   2.8413276e-01  -1.9333494e+00  -1.2280232e+00   1.5409794e-01   4.7210550e-01  -2.0070300e-01  -1.0961562e+00   1.4966775e+00
   2.0000000e+00  -2.0603124e-01   3.5441769e-01  -1.2002016e+00  -5.1208748e-01   6.0517815e-01  -6.1617400e-01  -1.3433024e+00  -7.8962325e-01   5.5754328e-01   3.3376329e-01
   2.0000000e+00  -5.2607952e-01  -8.4583463e-02   1.3228381e+00  -1.4747933e-01  -1.2760143e-01   1.8985248e+00  -1.0634241e+00   5.2083395e-01  -1.6155912e+00  -7.3744050e-01
   1.0000000e+00   1.2876773e+00   3.9177382e-01   3.4396135e-01  -1.0685077e-01   1.3485343e+00   9.0588927e-01  -5.2845022e-01   3.9812274e-01   1.1865864e+00  -2.5642152e-01
   2.0000000e+00   6.7230110e-01  -3.0468489e-01   1.1906250e+00   6.8656856e-01   2.4481729e+00   1.0605951e+00  -1.2679795e+00   8.7498917e-01  -7.1485526e-01  -1.6311895e+00
   2.0000000e+00   9.4088251e-01  -5.7621311e-01  -1.4075687e+00   1.0020315e-01   7.1398446e-01  -1.0478350e+00  -7.4185285e-01   3.9019865e-02  -1.3829121e+00   1.7497726e+00
   2.0000000e+00  -9.2960141e-01  -1.3965184e+00   5.9917353e-01   2.3230766e-02  -4.1729531e-01  -1.9440966e+00  -1.0206753e+00   1.0472622e+00  -1.4552788e+00   9.4688793e-01
   2.0000000e+00  -2.0470791e+00  -1.7762391e-01  -1.7595280e+00   2.8006638e-01   2.1687683e-01   6.5858168e-01   6.5108558e-01   6.3640998e-01   3.8376094e-01   3.3941776e-01
   1.0000000e+00  -3.9503117e-01  -7.0105362e-01   4.7625968e-01   1.3839318e+00   1.2288494e+00  -7.6536334e-02   1.7430270e+00  -5.9835171e-01   4.5925183e-01   2.3416239e-02
   2.0000000e+00   1.4791973e+00  -5.7569496e-01  -4.5056747e-01   2.0198126e-01  -1.4932830e-01   8.3018611e-01   6.9591727e-01   1.5832718e-01  -9.7407197e-01   6.0912281e-01
   2.0000000e+00  -5.9947954e-01  -2.7047085e-01  -1.3832640e+00   1.4722164e+00   3.4873214e-01   2.0559425e-01   5.2305495e-01   8.6276851e-01   4.4417682e-01  -1.6201296e+00
   1.0000000e+00  -1.5519175e-01   1.1248112e+00   3.7315050e-02   8.8273457e-01  -1.0195915e+00   1.5535504e-01   7.4919362e-01   8.9953848e-01  -1.0947590e+00   9.7224358e-01
   2.0000000e+00   1.0680805e+00   5.7453808e-01   6.6144298e-01   1.8228925e-01  -5.2486375e-01  -2.9793029e-01  -1.1096786e+00  -2.7438621e-01  -2.1906074e-01   1.5628014e+00
   2.0000000e+00  -7.8095387e-02  -5.9940682e-02   4.7697537e-02   8.6513807e-01   1.7206032e-01  -1.7313251e+00   1.1730710e+00   1.1601125e+00  -7.9354937e-01  -1.0174397e+00
   2.0000000e+00  -1.1510846e+00   9.0834161e-01  -8.7878451e-01  -1.0736275e-01  -6.5705684e-02  -7.0887195e-01   1.6656633e-01  -7.0664078e-01  -2.4668987e+00   6.2329837e-02
   1.0000000e+00   2.8506863e-01  -1.1220965e+00   7.1007713e-01  -1.4276496e+00   1.2517641e+00  -6.1464936e-01  -1.5432579e+00  -1.5299647e-01   9.6312628e-01  -2.7020549e-01
   2.0000000e+00   3.2561911e-01  -1.7532792e+00  -2.0762465e-02  -2.5831087e+00   2.6771954e+00   4.4455702e-01  -1.1181385e+00   8.7153575e-01   3.6616877e-01  -8.9054268e-02
   2.0000000e+00   1.7641934e+00   1.2021327e+00  -6.2209120e-01  -1.0386403e-02   3.6121129e-01   1.1595619e+00  -7.9172577e-01   6.1632857e-01  -2.1746058e-01  -5.5178112e-01
   1.0000000e+00  -1.1254804e+00  -3.3910586e-01   1.1019208e-01   1.0106528e+00  -1.4917215e-01   1.6449133e-01   6.0519012e-01  -3.5384383e-01   8.9530851e-01   6.5407136e-01
   1.0000000e+00   7.4386921e-01  -4.4614379e-01   2.8203992e-01   6.9872251e-01   7.6485703e-01  -1.0157954e+00   1.2168392e+00   2.2255607e-01  -1.1585625e+00  -3.9461004e-01
   2.0000000e+00  -4.0218969e-01   1.8892577e+00   1.4976322e+00  -1.2885046e+00  -6.5885023e-01   3.6843915e-01   1.4370977e-02  -4.8728505e-01   7.6796495e-01  -2.0874010e-01
   2.0000000e+00  -7.7205659e-01  -8.5837197e-01  -1.0061992e-01  -6.8828801e-02   3.1997696e-01  -4.6651023e-01   1.2747455e+00   1.1164733e+00  -5.0592048e-01   4.1026554e-01
   2.0000000e+00   7.0682235e-01   1.0327068e+00  -1.6895007e+00   5.2131261e-01   4.9318665e-01   1.8728207e+00   1.0649991e+00   5.2117799e-01  -4.8519404e-01  -1.3806295e-02
   2.0000000e+00   2.4629915e-01   5.1048740e-01   1.0084507e+00   1.6595785e+00   1.3406049e+00  -1.4788242e+00   4.5311809e-01  -2.1985954e-01   4.3852651e-01   1.4542746e-01
   2.0000000e+00  -8.3867586e-02  -2.0124155e-01   1.0482894e+00  -9.9229808e-01   9.5114944e-02   5.7228671e-01   2.3740494e+00  -4.8827224e-01  -8.4431993e-01   8.1520907e-01
   2.0000000e+00   1.2268305e+00  -1.5364745e+00   1.1930726e+00  -6.5842212e-01  -1.2321493e+00  -5.5815934e-01  -1.2454692e+00  -3.0688980e-01  -9.4775687e-02   7.3304180e-01
   2.0000000e+00  -1.2838810e+00  -1.0548201e+00  -5.3366643e-01  -1.1449371e+00   7.6338508e-01   9.0226939e-01   4.3080735e-01   9.0003887e-01  -1.8066281e-01   1.7712580e-01
   2.0000000e+00   6.8411714e-01  -1.0429755e+00   1.6523164e+00  -3.8478649e-01  -1.7148911e+00  -2.2585189e-01  -8.9224694e-01  -1.1893674e+00   1.4591177e-01   2.9720156e-01
   1.0000000e+00  -8.4572210e-03  -1.1424182e+00   3.5204755e-01  -5.3833772e-01  -7.7395874e-01  -1.2172756e+00  -1.9506767e-01   3.5532251e-01   6.5044244e-01   5.6340982e-01
   2.0000000e+00  -4.4279215e-01  -3.3422655e-01   1.7380857e+00  -9.7893705e-01   4.9322941e-02  -9.7347658e-01  -4.1941573e-01   1.0433931e+00  -8.7719579e-02   1.2950986e-01
   1.0000000e+00  -2.1690445e+00  -1.2812964e+00   7.1538037e-01   2.2585407e+00   3.6135658e-01   2.5294650e-02  -8.2048466e-01   1.2183571e+00  -3.6728605e-01  -2.4236537e-01
   1.0000000e+00   4.2145991e-01  -7.9039880e-01   8.8503421e-01  -2.0057992e+00   1.0691402e-01   2.1086676e+00   9.4228104e-01   1.1530917e-01  -9.9275123e-01  -3.3074384e-01
   2.0000000e+00  -9.8255496e-01  -1.0914449e+00   1.4362300e+00   5.1961466e-01   6.1450174e-01   5.1443738e-01   1.1156461e+00   1.4499355e+00   1.8396617e+00   2.5168682e-01
   1.0000000e+00   1.5122333e+00   1.6131445e+00   2.4620715e-01  -2.9969063e-01  -2.9840663e-01   1.3918171e+00  -1.4058799e+00  -6.8786437e-01   6.5812583e-01   1.8535178e-01
   2.0000000e+00   1.5414794e+00  -4.5973499e-01   4.4252022e-01   1.6536750e+00  -1.6404292e+00  -1.9351817e+00   1.2407024e+00  -1.2713107e+00  -9.0927774e-01  -1.1479960e+00
   2.0000000e+00   1.0432525e+00  -5.1567476e-01   1.0531091e+00   8.1120860e-02   1.5470188e+00   7.6817108e-01  -1.1845937e-01  -8.2741370e-01  -7.3318892e-01  -4.0251693e-01
   2.0000000e+00   1.9499155e-01  -3.4779303e-01  -2.0199189e+00   8.3826967e-01  -3.2181639e-01   2.7647787e-01   2.5300846e-01  -8.1095028e-01  -1.7576472e+00   1.9634665e+00
   2.0000000e+00   8.2714794e-01   2.1576285e+00  -1.8276214e-01  -6.1878777e-01  -3.7074930e-01  -8.2422087e-01   6.5781867e-01   7.9167416e-01   7.1672169e-01   2.0342277e+00
   2.0000000e+00  -6.4882814e-01  -6.8067592e-01   2.3150471e+00   1.9795036e-01   7.9556223e-01   3.2332167e-01  -5.8963724e-01   2.1187413e-01   5.8112824e-01  -6.5353924e-01
   1.0000000e+00  -4.4723181e-01  -1.0108225e+00   2.7910841e-01   1.4253271e+00  -1.8783817e+00   3.7221980e-01  -2.5649636e-01  -7.5487787e-01   1.9790236e+00  -6.8896359e-01
   2.0000000e+00  -1.2138659e+00  -7.9359393e-03  -2.3360599e+00   3.3456770e-01  -4.1825341e-01   3.7674868e+00  -8.1219384e-01   1.7501364e+00   8.6453574e-01   4.2455920e-01
   2.0000000e+00  -1.2955590e+00   3.8051385e-01  -1.3537128e+00  -1.1611405e+00   7.4961854e-01   1.0179308e+00   8.6080521e-01  -1.1499670e+00   9.1187239e-01  -7.2831555e-01
   2.0000000e+00  -9.7609746e-01  -1.0151484e-01   1.3713090e+00   5.8631202e-01  -6.9616843e-02   8.9847422e-01   4.2917359e-02  -2.3769655e+00   1.4633583e+00   4.8398074e-01
   2.0000000e+00  -7.0487001e-01   6.2669589e-01  -9.0032039e-01  -1.2144220e+00   1.0461744e+00  -2.0455315e+00  -9.5123331e-01  -1.1309181e+00  -9.2339689e-01   8.8623869e-01
   2.0000000e+00   7.3254732e-01  -2.0700182e+00  -7.2307461e-01   7.9947647e-01   1.4504984e+00  -1.8286600e+00   4.9930045e-01  -9.2769697e-01  -9.5026018e-01  -9.0871046e-01
   1.0000000e+00  -1.0909126e+00  -2.4782874e-01   1.0770608e-01   2.4133999e-01  -1.6048838e+00   1.5225803e+00  -1.4599940e+00  -5.5756807e-01   6.6174434e-01  -2.0755352e-01
   1.0000000e+00   5.6934898e-02  -7.9639389e-01   1.4461809e-01   1.5052514e-01  -6.7664575e-01  -7.9610172e-01  -5.0989213e-01  -1.5346426e+00   1.8532783e-01  -2.7272009e-01
   2.0000000e+00  -4.4962572e-01  -6.1526302e-01   2.3659857e+00  -2.4751870e-01   1.1779111e+00   1.4408910e+00   1.6203226e+00   6.4950407e-01   2.5600630e-01  -3.6487152e-01
   2.0000000e+00  -1.3763757e+00  -5.8901102e-02  -1.1961768e+00  -3.8655472e-01   3.0532095e+00   3.6650056e-02  -1.7174631e+00  -1.4012986e-01  -1.8140204e-01   5.5937228e-01
   2.0000000e+00   5.8644284e-01   5.1976772e-03  -1.4501792e+00  -5.9896182e-01   2.4077410e-01   3.8539244e-02  -1.8291332e-01  -1.1294486e+00  -5.8070445e-01  -3.8285047e-01
   2.0000000e+00   2.3692901e-01   8.2038643e-01  -1.0166545e+00   1.5813957e+00   4.5269277e-01   6.9587923e-01   1.4525837e-01   6.5865962e-01   3.4193374e-01   2.2520764e-01
   2.0000000e+00   7.5291794e-01  -1.3753117e+00  -1.1532316e+00  -9.4626807e-01  -1.5394021e+00   1.0806073e+00   2.1276181e+00  -9.5837449e-01  -7.2108768e-03   1.0378901e+00
   2.0000000e+00  -6.5506234e-01  -9.1715323e-01   2.0196138e-01   1.1519153e+00   6.3065931e-01   1.3566080e-01  -8.5517643e-01  -5.6335773e-01  -7.9411457e-01   1.2097843e+00
   2.0000000e+00  -8.1512041e-01  -1.2134394e+00   1.1020044e+00  -2.7247164e-01  -1.1562178e-02  -1.1706939e+00   7.3791341e-01  -5.5053676e-02   1.1410125e-01   7.3504774e-01
   1.0000000e+00  -1.2941444e+00   4.1081546e-02   2.9398507e-01  -1.5554495e+00  -2.2366169e-01   1.1719336e-01   4.6251647e-01  -1.1981381e-01   1.4588045e+00   7.0001251e-01
   2.0000000e+00   6.5149728e-01  -2.3994207e-01   4.5609695e-01  -1.5733194e+00   1.3404239e+00   7.4490039e-01   3.0322903e+00   1.4519743e+00   1.4458584e-01   1.0690547e+00
   2.0000000e+00   2.6620263e-01   9.5663538e-01   1.2917048e+00  -3.0230198e-01   9.2905822e-01  -9.3182389e-01   9.2715892e-02  -5.0616765e-01   1.1769412e+00  -3.7313152e-01
   2.0000000e+00  -1.0587304e+00  -4.9132722e-02  -1.1907719e+00  -5.2408740e-01   1.1362004e-01   6.2800317e-01   6.7656341e-01  -1.4672950e-01  -4.8036158e-02   3.5890030e-01
   1.0000000e+00  -1.3667769e+00   2.9997975e-01   5.7072767e-01   7.2844699e-01   1.0403843e+00   1.1846698e+00   4.8934653e-01  -9.0808961e-01  -1.3020493e-02  -2.8243112e-01
   2.0000000e+00   8.8921150e-02   1.3104474e-01  -1.7854146e-01   1.3305106e+00   1.2139289e+00   1.0826470e-01  -2.0106017e+00   9.2865363e-01  -1.0843479e+00  -1.2687593e+00
   2.0000000e+00  -3.5437311e-01   1.1553083e+00  -7.5533008e-01   3.9983929e-01  -1.1715149e+00  -1.2284459e+00  -5.3731220e-01   1.0874407e+00   1.9719423e+00  -1.3447079e+00
   2.0000000e+00   6.9178407e-02   9.4083325e-01  -2.2597680e+00   1.1341270e+00   1.3058835e+00  -1.5260203e+00  -1.1360703e+00   1.2416935e-01   1.2669899e+00  -1.9936943e-01
   2.0000000e+00  -1.0248188e+00  -8.8000951e-02  -3.4598239e-01  -9.0490123e-01   1.0319801e+00  -1.8148816e-01   2.7222452e-01   1.5391754e+00   2.1546566e-01  -7.1275597e-01
   2.0000000e+00   9.1125435e-02   2.3031330e+00  -9.6745815e-01   1.0360633e-01   1.3636844e+00  -2.1571162e-01   1.0817903e+00   1.5050645e-01   5.5208926e-01   8.0380181e-01
   2.0000000e+00  -2.3906084e-01  -7.9357118e-01  -4.9121087e-01   1.1148807e-01  -1.7558450e+00  -7.9111297e-01  -5.9788990e-01  -2.6769146e+00   6.1585629e-01  -3.2629266e-01
   2.0000000e+00  -7.1334852e-01  -7.8365091e-01  -1.9883604e+00   1.4096894e-01   2.6640755e-01  -7.5902790e-01   1.4288222e-01   1.0680291e+00   2.9833630e-01  -1.6933739e+00
   2.0000000e+00  -8.3500677e-01  -3.0614868e-01  -1.8383658e-01  -1.6976911e+00  -2.3594015e-01   4.6869661e-01  -8.1633437e-01  -2.2775226e+00   9.0889462e-01   9.6196044e-01
   1.0000000e+00   2.9750074e-01   1.4685795e+00   4.4525354e-01  -2.2478359e-02  -2.9642132e-01  -1.6407950e+00   4.1928860e-02  -4.7146564e-01   5.9337000e-01   1.1318202e-01
   2.0000000e+00  -1.5541278e+00   5.4318248e-01  -6.6398882e-01  -7.1865774e-01   7.6551543e-01  -1.6633755e+00  -6.4881117e-01   9.6649239e-01   1.8730077e-01  -1.7315925e+00
   2.0000000e+00   6.8878578e-01   7.6760753e-02  -6.9308600e-01   3.7647352e-01   8.7671877e-01  -3.0652169e-02   5.5887170e-02   1.7406702e+00  -1.3322764e+00  -1.1248378e-01
   2.0000000e+00   1.1719999e+00   1.3258783e+00  -2.4881510e-01   1.6360275e+00  -2.8125855e-01   6.0723011e-02  -7.0323548e-01   1.6801865e+00  -1.8219257e+00  -1.1576274e+00
   2.0000000e+00   4.3031914e-01   6.1602046e-01   9.7017159e-01  -1.3685168e+00   2.8484466e+00   1.9672540e+00  -3.8429812e-01   1.7830962e+00  -1.6519059e-02  -1.4574022e+00
   1.0000000e+00  -9.4943207e-01   4.9817808e-01   6.3053058e-01  -1.1877805e-01   2.1873290e-01  -1.2154709e+00  -1.9114751e-01  -1.3339639e+00  -1.0844095e+00   5.4482508e-01
   2.0000000e+00   4.7008495e-01   2.7172210e-01  -1.2196343e+00   9.7621653e-01  -1.5768872e+00   4.3512012e-01  -6.6982592e-01  -1.4134923e+00   2.1516464e-01   3.3137908e-01
   2.0000000e+00   2.2752925e+00  -3.0044062e-01  -2.0418213e+00   1.0112271e+00   2.8665863e-01   1.9977858e+00  -4.9332790e-01  -1.1358603e+00   1.2187336e+00  -2.6032536e+00
   2.0000000e+00  -3.3833178e-01  -1.2594729e-01  -8.5192623e-01  -1.8694667e+00  -2.4088441e-01   2.7846373e-01   4.7397223e-01   1.3700161e-01   3.5828227e-01   6.5542978e-01
   1.0000000e+00  -8.8579036e-01  -1.2915207e-01   2.4624740e-01   5.8306594e-01   6.0236489e-01  -7.9339662e-01  -8.3797359e-01  -1.0322248e+00   8.7044972e-01   1.4405471e-02
   2.0000000e+00  -1.2630460e+00  -4.8196637e-03  -1.3772163e-01  -9.8914931e-01  -1.8030596e+00   1.7021903e-01  -8.1319917e-01   7.4037327e-01  -6.9806505e-01   9.8422580e-01
   2.0000000e+00  -3.8863173e-01   1.7588980e+00  -6.8977441e-01   5.9220169e-01  -3.7374734e-01  -1.2689732e+00  -1.5587972e-01   1.7888785e+00   1.2696845e-01  -6.9774108e-02
   2.0000000e+00  -1.8837353e+00  -3.6594344e-01  -3.6961255e-01   1.0239047e+00  -2.7722388e-02  -8.9654659e-01  -1.1713889e+00  -2.2165397e-02  -7.3377470e-01   1.2078390e+00
   1.0000000e+00  -1.6190352e-01  -7.5671163e-01   1.0898967e-01  -1.9733713e-01  -1.6806220e-01  -5.2623488e-01  -8.8788199e-01  -1.3247346e+00   5.2816422e-01  -4.0443999e-02
   2.0000000e+00  -5.9762606e-01  -6.4394578e-01  -7.7248847e-01   1.7305404e+00   6.2766461e-02  -9.3776073e-01  -6.8511306e-01  -1.5918239e+00  -3.3128883e-01   7.5911099e-02
   1.0000000e+00   6.9768556e-01   2.4613486e-01   1.8478659e-01  -1.2436398e+00  -4.5990177e-01   1.2345069e-01  -8.2555215e-01   3.7465541e-01   3.8210220e-01   1.8033423e-01
   2.0000000e+00  -2.0817991e+00  -3.4319025e-01  -7.6487746e-01  -3.4994956e-01   4.4888222e-01   1.3710467e+00   1.0285308e+00  -8.9080458e-02  -8.8889182e-01  -7.0961058e-01
   2.0000000e+00  -4.4876004e-01  -9.1739789e-03  -1.4479847e+00  -8.2096959e-01  -6.1363270e-02  -1.0819772e+00   1.5796607e+00  -5.8463129e-01  -1.0661724e+00   8.6155049e-01
   2.0000000e+00   1.8665914e-01   1.2422914e+00   5.5505364e-01  -4.1651915e-01   4.5859133e-01   8.1916196e-01  -5.9976917e-01  -1.0740619e+00  -6.5269746e-02   1.5276799e+00
   1.0000000e+00   8.6148722e-02  -8.3950252e-02   6.8982097e-01   1.3810919e+00  -1.0334502e+00   2.0872386e-02   1.9434096e+00  -4.0034416e-01  -6.2057537e-01  -3.1414764e-01
   2.0000000e+00  -3.9867125e-01   2.3318350e+00   4.3564021e-01  -7.1642540e-01  -7.9685764e-01   5.6122734e-01  -3.0815640e-01  -3.8814915e-01  -1.1471345e-01  -4.8641526e-01
   1.0000000e+00  -1.0120722e+00  -3.7760775e-01   2.4447310e-01   2.2786889e+00   8.3331088e-01   2.3029632e-02  -7.8662307e-01  -7.4250339e-01   9.4987798e-01  -6.8328951e-01
   2.0000000e+00  -4.4220228e-01   2.1557959e-01   1.4220638e+00   7.3089642e-01  -2.4807542e+00   2.6174687e-02   1.2529818e+00  -1.0898020e+00   2.3131430e-01   1.9234152e+00
   2.0000000e+00   1.3271961e+00  -1.5208764e+00   5.4431392e-01   1.3405370e-02  -7.8886899e-01  -1.0491475e+00   1.1077352e+00  -1.5974614e+00   5.2816955e-01  -1.4659648e+00
   2.0000000e+00  -1.7873847e-01  -1.3338929e+00   1.3422126e+00   2.7320677e-01  -1.2091720e+00   1.7092211e+00  -1.7715282e+00  -8.9369139e-01  -1.1459937e+00  -1.1914470e-02
   2.0000000e+00  -5.4102421e-01   1.8544445e+00  -8.6699607e-01  -1.2702166e+00  -4.6197228e-01   1.9551636e-01  -1.0412610e-01  -2.2749922e-01  -1.0791751e+00  -3.2638009e-01
   2.0000000e+00   3.3318652e-01   2.4928166e-01  -8.7247228e-02  -7.3247150e-01  -3.4747970e-01  -7.6301605e-01   6.1449971e-02  -9.0225205e-01   1.8224200e+00  -3.1768362e-01
   2.0000000e+00  -9.6011713e-01   2.3111025e-01   1.3916852e+00   5.4968694e-02   1.6077853e-01   1.0400766e+00  -1.6201715e-01  -9.4162232e-01  -1.7171233e-01   1.3417464e+00
   2.0000000e+00   4.4712756e-01  -7.4161014e-02   7.7860186e-01   1.5324530e-01  -9.0219608e-01   4.8576493e-01  -3.2894885e-01  -8.6689258e-02  -7.7390522e-01   1.6669700e+00
   2.0000000e+00   1.4565819e+00  -3.4840813e-01   1.0092368e+00  -8.5559157e-01   4.0416833e-01  -8.0236361e-01   9.0699948e-01  -1.0208175e+00   1.9879876e+00  -3.4255042e-01
   2.0000000e+00  -9.1623977e-01  -5.9915932e-02  -3.1673699e-01  -1.8921562e+00  -1.1728546e+00  -2.1556447e+00  -7.9923300e-02  -2.1215248e+00   6.3569792e-01  -1.0620007e-01
   2.0000000e+00  -6.8337856e-01  -8.3615775e-02  -2.8074828e-01   2.4331929e-01  -1.4547580e+00  -1.1944065e+00   7.7384006e-01  -7.4012123e-01  -9.8354220e-01   2.3587624e-01
   1.0000000e+00   2.2090428e-01   5.4654339e-01   7.4997622e-02   6.7033306e-02   1.6065255e+00   1.5135490e-01  -1.8547191e-01  -3.9340748e-01  -7.0055218e-01   2.0374209e-01
   2.0000000e+00   4.9538679e-01  -7.3606286e-01  -7.2807163e-01  -5.8850192e-01  -5.1047699e-01   2.0075795e-01  -1.8377892e+00   6.1492221e-01  -3.3261637e-01  -1.1239605e+00
   1.0000000e+00   2.9759572e-01  -3.9020974e-01   2.8296876e-01   6.4484528e-01   2.0512511e-02  -1.7402379e-01   4.2530706e-01   3.2996013e-01   4.3080080e-02   1.9741219e-02
   1.0000000e+00   1.7007813e+00  -6.4535814e-01   1.8611990e-01  -2.8211610e-01   2.1746858e-01   5.8684597e-01  -1.5545081e+00   3.8301724e-01  -1.2447827e-01  -7.2332864e-01
   2.0000000e+00  -1.6606955e+00   1.3357653e+00   9.2923775e-01   7.7762192e-02  -2.4339550e+00   3.7143075e-01  -8.2102792e-01  -1.2965591e+00   4.1917000e-01  -4.3515898e-01
   2.0000000e+00  -4.9536510e-01   1.0973315e+00  -1.3535844e+00  -3.9798817e-01  -7.1420094e-01  -1.2679834e+00  -1.0589349e+00  -5.5036015e-01  -3.6397894e-01   5.5049049e-01
   1.0000000e+00  -1.5091932e+00  -1.3797361e-02   1.4446569e-01   7.2481647e-01  -8.3996887e-01  -1.0822324e+00  -1.7460227e-01   8.7705160e-01  -2.2076248e-01   9.5593797e-01
   2.0000000e+00   9.9297872e-01   2.5994122e-01   1.4616708e+00  -1.1057264e-01  -1.9274960e+00  -7.8617543e-01   6.4053708e-01   1.2205532e-01   7.0079912e-01   7.8650519e-01
   1.0000000e+00   3.4645439e-01  -3.2308658e-01   2.7150920e-01   6.4259559e-01  -1.5399997e+00   5.8866514e-02   5.0802318e-01   4.4713216e-02  -1.2523129e+00   4.3852962e-01
   2.0000000e+00   1.6188959e-01   1.1816254e+00  -4.0082399e-01   1.6432966e+00  -7.1321849e-02  -7.3862203e-01  -7.8527421e-01  -6.6012897e-01   2.2476362e+00   5.6612470e-01
   2.0000000e+00  -9.2924380e-01   7.6130255e-01  -1.7842563e-01   1.0598572e+00  -1.7189526e-01  -3.3829641e-01  -1.8899884e+00   1.3287808e+00  -5.7339591e-01  -2.5341519e-01
   2.0000000e+00   7.6679343e-01   6.8684412e-01  -1.8562313e-01   1.5429019e+00  -7.1124714e-01   6.4824977e-01   5.1715849e-01  -1.4597063e+00   1.1430658e+00  -4.2409652e-02
   2.0000000e+00  -2.6490250e-01   1.1844722e+00  -6.5521402e-01   3.6767137e-01  -5.9956607e-01   9.8510070e-01  -7.9578626e-01   6.1853820e-01  -1.2330147e+00   1.2896523e+00
   1.0000000e+00   1.1901094e-01   2.3336528e-01   2.7388223e-01  -2.5077601e-01   1.0483483e+00   1.2297678e+00  -1.3769564e+00   5.4886701e-01   1.6652750e+00   5.4089818e-01
   2.0000000e+00  -5.5396541e-01   6.3642658e-01  -3.3709777e-01   5.5104025e-01  -1.8360270e+00  -7.9507998e-01  -2.1324753e+00  -2.0075742e+00  -1.2665543e+00   5.2685909e-01
   2.0000000e+00   2.3915362e-01  -2.4134501e+00  -7.9356790e-01   1.3051704e+00   2.8126721e-01   1.5743247e-01   9.5290950e-01   2.4972672e-01   1.4283288e+00  -1.2206000e+00
   2.0000000e+00  -1.0923572e+00   1.6309811e-02  -1.1135615e+00  -1.3893418e+00  -9.2904924e-02   2.0734361e+00  -1.3818356e-01   2.6544933e-01   6.8718620e-01   4.9172785e-01
   2.0000000e+00   9.9123443e-01   1.7093592e-01  -7.6392987e-01   8.3300696e-01   2.2329714e+00   8.8741193e-01   1.8186685e+00  -4.4132650e-01  -5.1780162e-01   5.0907420e-01
   1.0000000e+00  -5.7237640e-01  -1.1265904e+00   5.2041410e-01  -6.5876323e-01   2.3591262e+00  -1.6686725e-01  -1.4946745e-01   4.1418237e-01  -1.1324801e+00  -4.9560634e-01
   2.0000000e+00  -9.4965494e-01   9.5363484e-01  -1.0218904e-01  -3.5507588e+00  -1.1233956e+00   8.1393343e-01   8.0634359e-01  -1.2558998e+00   2.3289987e+00  -5.2576762e-01
   1.0000000e+00  -2.6347836e+00  -1.0206159e+00   1.4971269e-01   2.5519758e+00  -1.9248845e-01  -7.2026818e-01   4.6369079e-01   2.0802728e+00   4.7908779e-01  -6.4851482e-01
   2.0000000e+00  -1.8778789e+00  -2.0174817e+00   5.6937992e-01  -2.8849209e-01   1.4327978e+00  -4.5238419e-01  -6.5173620e-01  -7.6582220e-01  -4.7970630e-02  -1.8615755e-02
   1.0000000e+00  -1.3432719e-01  -1.0106780e-01   1.7813198e-01  -9.4716695e-01  -7.7390115e-01  -1.5210455e+00  -5.2941477e-01  -1.4965484e+00   4.3115399e-02  -1.9966670e-01
   2.0000000e+00  -1.4483021e+00  -3.0142952e-01  -2.7639318e-01   2.6038525e-01  -1.1282701e+00  -9.5607518e-01  -9.8135170e-01  -1.1881159e+00   1.7171453e+00   1.2680108e-02
   2.0000000e+00  -1.4089176e+00  -5.7400504e-01   7.9563620e-01  -1.3850291e+00  -1.7764053e+00  -1.8161696e+00  -4.0788404e-03   1.0072870e+00  -6.8060282e-01  -6.0763693e-01
   1.0000000e+00   1.0289342e+00  -1.2882703e+00   2.2134680e-01  -1.2265265e+00   2.2145636e-01  -3.3652102e-01  -6.3015425e-01  -1.7200399e+00   6.4662941e-01   2.6773096e-01
   2.0000000e+00  -1.2312980e+00   1.2624330e+00   1.4832671e+00   1.2142375e+00   3.1735026e-01   1.3832077e+00  -2.2808075e+00  -1.3118568e+00   7.7546178e-01  -1.7251187e-01
   2.0000000e+00  -1.4334431e+00  -1.8098714e+00  -1.6953405e-02  -5.5806113e-01  -4.4698000e-01  -9.9254072e-01   3.7927884e-01   4.3769573e-01  -1.3123048e-01   6.2132146e-01
   2.0000000e+00  -4.3741839e-01   6.4739090e-01   5.6876452e-01   1.5701913e-01  -4.4890130e-01   2.6940967e-01   1.2435613e+00  -7.3514498e-01   4.5127206e-01   1.0349007e+00
   1.0000000e+00   1.4949253e+00   4.2897182e-01   4.2682625e-01   1.1044982e-01   1.6043651e+00   9.0459445e-03   1.3006898e+00  -3.3939337e-01  -2.5337202e-01  -1.3465706e-03
   1.0000000e+00  -1.4041126e+00  -9.0548232e-01   1.3713587e-01   1.1540855e+00   7.0050052e-01  -2.5181449e-01  -6.2865683e-01  -1.0788053e+00  -4.8024919e-01  -1.3443385e-01
   2.0000000e+00   2.7493351e-01   2.7438894e-01  -4.9501772e-02   4.7775503e-01   2.4524039e+00  -1.1363792e+00   1.0994123e+00   6.4663384e-02  -3.2446731e-01   5.7869444e-01
   2.0000000e+00  -1.0274045e+00   1.1256554e-01  -3.2340811e-01  -5.9300601e-01   1.9019547e-01  -1.0872245e+00   1.1674008e+00  -1.0310016e+00  -5.6510278e-01  -1.3375669e+00
   2.0000000e+00  -8.3871900e-01  -1.2492107e+00  -3.1952733e-01  -1.0632435e+00  -1.3598116e+00   2.6943937e-01  -1.0309835e-01  -2.5221347e+00  -1.8688589e+00  -3.3473127e-01
   1.0000000e+00   4.9154645e-01   2.0178695e-01   2.3318581e-01  -2.0318643e+00  -5.6029378e-01   1.8177585e+00   7.7272843e-01  -2.4984264e+00  -6.2915285e-01  -1.9187689e-01
   2.0000000e+00  -6.2298542e-01  -2.1551947e-01   1.3539143e+00  -1.7118811e-01  -3.2387334e+00   1.1646907e+00   1.0179306e+00  -8.6990332e-02   1.0654805e+00  -9.1453505e-01
   2.0000000e+00   5.4296711e-01  -1.0360556e+00  -1.0004246e+00   2.4625894e-01  -2.5483585e-01  -2.6626373e-01  -6.5911241e-02   1.1506212e-01   3.8949793e-02   4.2864540e-01
   2.0000000e+00  -5.5356591e-01  -5.5559921e-01   2.1304841e-01  -8.0778125e-01   1.3539340e+00   5.3473948e-01   6.0493654e-01   2.1443223e+00   8.0958590e-01  -1.6181642e+00
   1.0000000e+00   1.2288222e+00  -1.5795713e+00   4.9523828e-01   1.8502540e+00  -8.1373701e-01  -1.5524325e+00   1.3724931e+00   8.3221503e-01  -1.1750300e-01  -7.5204859e-01
   1.0000000e+00   6.9162823e-01  -3.0529787e-01   8.2066766e-01  -1.4119820e+00  -4.8838455e-01  -6.1493477e-01   1.2357884e+00   9.1506176e-01   1.3824135e+00   2.2053565e-02
   2.0000000e+00   4.6183181e-01  -1.7366399e-01   9.8217244e-01   3.7774216e-02   1.0572964e-01   8.6355987e-01  -2.2028626e+00  -4.8133109e-01   2.0377136e+00   7.2092119e-01
   2.0000000e+00   9.3408856e-01   1.9314895e+00   3.8333722e-01  -7.9582570e-01   4.3129344e-02   7.9722697e-01  -1.0368857e+00   5.7355593e-01   4.6770493e-01  -1.1405452e+00
   2.0000000e+00  -1.2753506e-01  -1.9191215e+00   2.7720005e-01   1.0008273e+00  -6.1494796e-01   9.9529625e-01  -9.8120043e-01   1.1569066e+00  -7.9219290e-01  -1.8552785e+00
   2.0000000e+00   1.1032644e-01  -8.3348850e-01  -6.5873081e-01   3.1622042e-03  -9.9207393e-01  -2.7414215e-01   7.3804192e-01   3.8717402e-01  -5.0001735e-01   2.2850928e+00
   2.0000000e+00  -6.3275442e-01   1.4068303e+00  -8.2584810e-01   1.4732254e+00  -1.0714192e+00  -6.0386114e-01   1.1076241e-01  -3.2766060e-01  -1.5168393e+00   5.5908447e-01
   2.0000000e+00  -7.5122648e-01   1.3168485e+00  -1.8578316e+00   6.9690632e-01   1.6233888e+00  -1.9976099e-01   2.6870620e+00  -1.3337856e+00   3.2061852e-01  -6.8639089e-01
   2.0000000e+00   6.7188940e-01   3.5504401e-01  -1.0363220e+00   2.2929453e+00   6.2845719e-02  -2.0078554e+00  -1.3615454e+00  -6.0974992e-01   2.9016498e-01  -3.1800298e-02
   2.0000000e+00  -1.6815178e+00   7.5964127e-01  -3.3766872e-01   1.0833200e-01   1.3007515e-01  -7.9840587e-01   4.4495463e-01   8.9751296e-01   2.5575344e+00   4.8885485e-01
   2.0000000e+00   1.9640789e+00  -1.3110762e+00   5.3345838e-01   1.7434153e+00  -1.4133075e-01  -1.0123577e+00   4.2432077e-01  -2.6362031e-02   5.7328960e-01   2.0431217e+00
   2.0000000e+00   8.5558167e-01  -3.5345774e-02  -1.5346547e+00   7.5351329e-02  -9.1423546e-01  -3.7875376e-01  -2.0224188e-01  -1.4753458e-01  -1.0104019e-01   5.7712473e-01
   1.0000000e+00  -2.3471830e-01  -1.4088445e-01   5.4152700e-01  -1.2649880e+00   2.6293972e-01  -7.0392459e-01   1.4901449e-01   1.0413797e+00  -8.2566819e-01  -4.0253590e-01
   2.0000000e+00   5.7319264e-01   6.9248987e-01   2.0629441e+00  -6.4485106e-01   1.4429276e-01  -2.6329752e-01   2.9925390e-01  -1.8913013e+00  -2.4507363e-01   1.9096495e-01
   2.0000000e+00  -1.0989661e+00   2.7759408e-01   1.3082502e-01   2.7146323e-02   1.3112397e+00  -4.5987093e-01   3.9009682e-01  -1.5078590e+00   1.1309149e+00   1.2050031e+00
   2.0000000e+00  -4.9632234e-01   7.7228063e-01   1.3821005e+00  -1.4387443e+00  -3.5553628e-02   1.1996540e+00  -5.2427955e-01   1.0290458e-01  -3.9287068e-01  -1.3447616e-01
   1.0000000e+00   5.4130869e-01  -1.2968202e+00   9.1486074e-02   7.3691809e-01  -3.1906890e-01   1.4076048e+00   2.5142735e-01  -9.0765500e-02   1.5482983e-01  -2.8471469e-01
   2.0000000e+00   5.6001582e-01  -9.6815117e-01  -3.3093575e-01  -1.0798077e+00   1.3050631e+00  -1.7061870e+00  -5.8074090e-01   6.2318398e-01   2.2516021e+00   3.5690259e-01
   2.0000000e+00  -6.6162586e-01   1.1244480e+00  -8.4965411e-01  -1.2088732e+00  -8.5537956e-01  -2.7609463e-01  -1.9578155e+00  -1.3669913e+00   1.0142341e+00  -7.7044813e-01
   2.0000000e+00   6.3796245e-01  -1.5614315e+00  -1.0331790e+00  -5.7709346e-01  -1.1840676e-01  -6.5457418e-01   9.5078366e-01  -1.3116364e+00  -2.6255423e-01  -7.2570846e-01
